%YAML:1.0
R: !!opencv-matrix
   rows: 3
   cols: 3
   dt: d
   data: [ 9.9995413660211807e-01, -5.4049827749453692e-03,
       7.9063805571985626e-03, 5.3465760086210869e-03,
       9.9995840109615353e-01, 7.3898715961957379e-03,
       -7.9459937891204653e-03, -7.3472606069723018e-03,
       9.9994143775737010e-01 ]
T: !!opencv-matrix
   rows: 3
   cols: 1
   dt: d
   data: [ 2.9515565107517090e+00, -1.0105576222677188e+00,
       1.4846696902848875e-03 ]
R1: !!opencv-matrix
   rows: 3
   cols: 3
   dt: d
   data: [ 9.4430483816604260e-01, -3.2902497513069934e-01,
       5.5622258536135189e-03, 3.2899769208588464e-01,
       9.4431592208459236e-01, 5.2875230200348901e-03,
       -6.9922255659677643e-03, -3.1630741010340120e-03,
       9.9997055143832425e-01 ]
R2: !!opencv-matrix
   rows: 3
   cols: 3
   dt: d
   data: [ 9.4608388053497827e-01, -3.2392138632499046e-01,
       4.7589197658281070e-04, 3.2392039701006298e-01,
       9.4607472486092514e-01, -4.2651354219795552e-03,
       9.3133920794236059e-04, 4.1893269890221907e-03,
       9.9999079103092692e-01 ]
P1: !!opencv-matrix
   rows: 3
   cols: 4
   dt: d
   data: [ -4.3499387765611602e+04, 0., 6.8263985473632812e+04, 0., 0.,
       -4.3499387765611602e+04, -4.0356195703506470e+04, 0., 0., 0., 1.,
       0. ]
P2: !!opencv-matrix
   rows: 3
   cols: 4
   dt: d
   data: [ -4.3499387765611602e+04, 0., 6.8263985473632812e+04,
       -1.3570773566156044e+05, 0., -4.3499387765611602e+04,
       -4.0356195703506470e+04, 0., 0., 0., 1., 0. ]
Q: !!opencv-matrix
   rows: 4
   cols: 4
   dt: d
   data: [ 1., 0., 0., -6.8263985473632812e+04, 0., 1., 0.,
       4.0356195703506470e+04, 0., 0., 0., -4.3499387765611602e+04, 0.,
       0., -3.2053727485435390e-01, 0. ]
