<?xml version="1.0"?>
<opencv_storage>
<R type_id="opencv-matrix">
  <rows>3</rows>
  <cols>3</cols>
  <dt>d</dt>
  <data>
    9.9995576021209887e-01 -3.7148955127376108e-03
    8.6415953372550921e-03 3.7583749964494582e-03 9.9998033374130235e-01
    -5.0206322330655882e-03 -8.6227742652519052e-03
    5.0528884772054472e-03 9.9995005679384175e-01</data></R>
<T type_id="opencv-matrix">
  <rows>3</rows>
  <cols>1</cols>
  <dt>d</dt>
  <data>
    -1.3197601493775753e+01 -1.2286188145012771e-01
    -3.6731204526404763e-02</data></T>
<R1 type_id="opencv-matrix">
  <rows>3</rows>
  <cols>3</cols>
  <dt>d</dt>
  <data>
    9.9991954912579051e-01 5.6081295967798225e-03 1.1377352877613859e-02
    -5.5792000712061108e-03 9.9998112623690794e-01
    -2.5728770920907112e-03 -1.1391567172320066e-02
    2.5091935738944873e-03 9.9993196575815457e-01</data></R1>
<R2 type_id="opencv-matrix">
  <rows>3</rows>
  <cols>3</cols>
  <dt>d</dt>
  <data>
    9.9995279776112245e-01 9.3089704331601360e-03 2.7830413540352534e-03
    -9.3160124099371470e-03 9.9995340909299901e-01
    2.5281526986158662e-03 -2.7593771908924255e-03
    -2.5539602119398386e-03 9.9999293153739544e-01</data></R2>
<P1 type_id="opencv-matrix">
  <rows>3</rows>
  <cols>4</cols>
  <dt>d</dt>
  <data>
    1.6733403363100458e+03 0. 1.2033567810058594e+03 0. 0.
    1.6733403363100458e+03 1.0317539367675781e+03 0. 0. 0. 1. 0.</data></P1>
<P2 type_id="opencv-matrix">
  <rows>3</rows>
  <cols>4</cols>
  <dt>d</dt>
  <data>
    1.6733403363100458e+03 0. 1.2033567810058594e+03
    -2.2085121389256135e+04 0. 1.6733403363100458e+03
    1.0317539367675781e+03 0. 0. 0. 1. 0.</data></P2>
<Q type_id="opencv-matrix">
  <rows>4</rows>
  <cols>4</cols>
  <dt>d</dt>
  <data>
    1. 0. 0. -1.2033567810058594e+03 0. 1. 0. -1.0317539367675781e+03 0.
    0. 0. 1.6733403363100458e+03 0. 0. 7.5767767213816825e-02 0.</data></Q>
</opencv_storage>
