<?xml version="1.0"?>
<opencv_storage>
<R type_id="opencv-matrix">
  <rows>3</rows>
  <cols>3</cols>
  <dt>d</dt>
  <data>
    9.9966901907798000e-01 -5.5723511800249122e-03
    2.5115755971018474e-02 5.6868681705500154e-03 9.9997374735210809e-01
    -4.4904495312909302e-03 -2.5090074254175896e-02
    4.6317932713756532e-03 9.9967446434577456e-01</data></R>
<T type_id="opencv-matrix">
  <rows>3</rows>
  <cols>1</cols>
  <dt>d</dt>
  <data>
    -1.3250546456253009e+01 -9.7216360901752188e-02
    1.4694289802726418e-01</data></T>
<R1 type_id="opencv-matrix">
  <rows>3</rows>
  <cols>3</cols>
  <dt>d</dt>
  <data>
    9.9990058979217000e-01 1.7127214562514164e-03 1.3995610686348525e-02
    -1.6803701939270279e-03 9.9999589009377166e-01
    -2.3229618112871222e-03 -1.3999531752237244e-02
    2.2992130781275192e-03 9.9989935830059384e-01</data></R1>
<R2 type_id="opencv-matrix">
  <rows>3</rows>
  <cols>3</cols>
  <dt>d</dt>
  <data>
    9.9991160823026815e-01 7.3361327471353982e-03
    -1.1088592456898513e-02 -7.3104852436179342e-03
    9.9997051265278192e-01 2.3517292436861935e-03 1.1105518081639575e-02
    -2.2704583786477793e-03 9.9993575417968183e-01</data></R2>
<P1 type_id="opencv-matrix">
  <rows>3</rows>
  <cols>4</cols>
  <dt>d</dt>
  <data>
    1.7544949695071316e+03 0. 1.2194712982177734e+03 0. 0.
    1.7544949695071316e+03 1.0150819702148438e+03 0. 0. 0. 1. 0.</data></P1>
<P2 type_id="opencv-matrix">
  <rows>3</rows>
  <cols>4</cols>
  <dt>d</dt>
  <data>
    1.7544949695071316e+03 0. 1.2194712982177734e+03
    -2.3250072215746000e+04 0. 1.7544949695071316e+03
    1.0150819702148438e+03 0. 0. 0. 1. 0.</data></P2>
<Q type_id="opencv-matrix">
  <rows>4</rows>
  <cols>4</cols>
  <dt>d</dt>
  <data>
    1. 0. 0. -1.2194712982177734e+03 0. 1. 0. -1.0150819702148438e+03 0.
    0. 0. 1.7544949695071316e+03 0. 0. 7.5461914837361588e-02 0.</data></Q>
</opencv_storage>
