<?xml version="1.0"?>
<opencv_storage>
<R type_id="opencv-matrix">
  <rows>3</rows>
  <cols>3</cols>
  <dt>d</dt>
  <data>
    9.9997154349339890e-01 4.8207258104406214e-03 5.8028274220370693e-03
    -4.8862816891254600e-03 9.9992380029162675e-01
    1.1336571863021486e-02 -5.7477347436978169e-03
    -1.1364603513166873e-02 9.9991890137765904e-01</data></R>
<T type_id="opencv-matrix">
  <rows>3</rows>
  <cols>1</cols>
  <dt>d</dt>
  <data>
    -3.3427005392743778e+00 4.6825258458243597e-02
    3.6559705034471409e-03</data></T>
<R1 type_id="opencv-matrix">
  <rows>3</rows>
  <cols>3</cols>
  <dt>d</dt>
  <data>
    9.9994757489582697e-01 -9.1730838366249901e-03
    4.5499442722548473e-03 9.1470267160393779e-03 9.9994183345067600e-01
    5.7150343443111993e-03 -4.6021041068664715e-03
    -5.6731162712255409e-03 9.9997331783881249e-01</data></R1>
<R2 type_id="opencv-matrix">
  <rows>3</rows>
  <cols>3</cols>
  <dt>d</dt>
  <data>
    9.9990130150044054e-01 -1.4006829605397144e-02
    -1.0936096792680799e-03 1.4000375187080905e-02
    9.9988573212296827e-01 -5.7019462937580095e-03
    1.1733509049675214e-03 5.6860725743962705e-03 9.9998314577113379e-01</data></R2>
<P1 type_id="opencv-matrix">
  <rows>3</rows>
  <cols>4</cols>
  <dt>d</dt>
  <data>
    4.3966129103564595e+02 0. 3.1935494613647461e+02 0. 0.
    4.3966129103564595e+02 2.3946081352233887e+02 0. 0. 0. 1. 0.</data></P1>
<P2 type_id="opencv-matrix">
  <rows>3</rows>
  <cols>4</cols>
  <dt>d</dt>
  <data>
    4.3966129103564595e+02 0. 3.1935494613647461e+02
    -1.4698011018063221e+03 0. 4.3966129103564595e+02
    2.3946081352233887e+02 0. 0. 0. 1. 0.</data></P2>
<Q type_id="opencv-matrix">
  <rows>4</rows>
  <cols>4</cols>
  <dt>d</dt>
  <data>
    1. 0. 0. -3.1935494613647461e+02 0. 1. 0. -2.3946081352233887e+02 0.
    0. 0. 4.3966129103564595e+02 0. 0. 2.9912978735375906e-01 0.</data></Q>
</opencv_storage>
