<?xml version="1.0"?>
<opencv_storage>
<M1 type_id="opencv-matrix">
  <rows>3</rows>
  <cols>3</cols>
  <dt>d</dt>
  <data>
    1.7882156766970277e+03 0. 1.2239442752041562e+03 0.
    1.8137327274516877e+03 1.0228189096638616e+03 0. 0. 1.</data></M1>
<D1 type_id="opencv-matrix">
  <rows>1</rows>
  <cols>12</cols>
  <dt>d</dt>
  <data>
    5.1690834664768710e-02 -1.8470142034992668e-01 0. 0. 0. 0. 0.
    -2.3415661643940158e-01 0. 0. 0. 0.</data></D1>
<M2 type_id="opencv-matrix">
  <rows>3</rows>
  <cols>3</cols>
  <dt>d</dt>
  <data>
    1.7882156766970277e+03 0. 1.2223818493032611e+03 0.
    1.8137327274516877e+03 1.0068006224294111e+03 0. 0. 1.</data></M2>
<D2 type_id="opencv-matrix">
  <rows>1</rows>
  <cols>12</cols>
  <dt>d</dt>
  <data>
    2.7962815868147514e-02 -3.2831446917637723e-02 0. 0. 0. 0. 0.
    -2.5256826143574634e-02 0. 0. 0. 0.</data></D2>
</opencv_storage>
