<?xml version="1.0"?>
<opencv_storage>
<M1 type_id="opencv-matrix">
  <rows>3</rows>
  <cols>3</cols>
  <dt>d</dt>
  <data>
    5.3398822221720582e+02 0. 3.2838497016206571e+02 0.
    5.2871090977587096e+02 2.3684253625818116e+02 0. 0. 1.</data></M1>
<D1 type_id="opencv-matrix">
  <rows>1</rows>
  <cols>12</cols>
  <dt>d</dt>
  <data>
    -2.5899243046455883e-01 -1.2606741523974810e-01 0. 0. 0. 0. 0.
    -3.9947547631050051e-01 0. 0. 0. 0.</data></D1>
<M2 type_id="opencv-matrix">
  <rows>3</rows>
  <cols>3</cols>
  <dt>d</dt>
  <data>
    5.3398822221720582e+02 0. 3.1377279555568504e+02 0.
    5.2871090977587096e+02 2.4187108515264015e+02 0. 0. 1.</data></M2>
<D2 type_id="opencv-matrix">
  <rows>1</rows>
  <cols>12</cols>
  <dt>d</dt>
  <data>
    -2.6296244652970396e-01 -1.2161092030319664e-02 0. 0. 0. 0. 0.
    -1.9511661496826041e-01 0. 0. 0. 0.</data></D2>
</opencv_storage>
